1,
0.88718,
0.565294,
0.0923134,
0.565444,
1.24914,
1.91403,
2.4691,
2.83799,
2.979,
2.88944,
2.59438,
2.1329,
1.55266,
0.916565,
0.364034,
0.484054,
0.870363,
1.09358,
1.10402,
0.912427,
0.585982,
0.454979,
0.913963,
1.54327,
2.1373,
2.59162,
2.84034,
2.85963,
2.66177,
2.28134,
1.76692,
1.18974,
0.705434,
0.684569,
1.0265,
1.3173,
1.43037,
1.34716,
1.10276,
0.810401,
0.776556,
1.17598,
1.72797,
2.22851,
2.56974,
2.6983,
2.6062,
2.31817,
1.88094,
1.36973,
0.941711,
0.898849,
1.22268,
1.56918,
1.77155,
1.78166,
1.60895,
1.30713,
1.00554,
0.970741,
1.31262,
1.7846,
2.18513,
2.41253,
2.42841,
2.23979,
1.88593,
1.44077,
1.05955,
1.02633,
1.36547,
1.77357,
2.06461,
2.16716,
2.07093,
1.80431,
1.43169,
1.08801,
1.02486,
1.32,
1.71797,
2.02024,
2.13879,
2.0525,
1.78536,
1.40319,
1.05546,
1.03447,
1.4066,
1.88345,
2.2667,
2.46692,
2.45698,
2.25001,
1.88599,
1.43418,
1.0333,
0.944062,
1.21499,
1.54992,
1.75873,
1.77452,
1.59644,
1.27343,
0.939929,
0.914411,
1.32512,
1.87282,
2.34942,
2.65264,
2.73971,
2.61084,
2.29391,
1.83466,
1.30287,
0.840769,
0.753059,
1.03748,
1.32047,
1.43873,
1.35458,
1.09084,
0.747486,
0.672396,
1.12024,
1.73429,
2.29861,
2.70557,
2.89806,
2.86244,
2.61697,
2.19786,
1.6526,
1.04718,
0.522827,
0.522728,
0.868807,
1.09945,
1.12275,
0.93332,
0.574406,
0.329138,
0.811473,
1.47964,
2.11557,
2.61825,
2.91882,
2.98772,
2.83163,
2.48012,
1.97393,
1.36147,
0.702268,
0.100111,
0.485706,
0.849116,
0.99811,
0.91823,
0.624153,
0.152673,
0.4651,
1.14571,
1.81934,
2.39644,
2.79808,
2.97658,
2.92284,
2.65759,
2.21791,
1.6502,
1.01367,
0.416007,
0.401507,
0.803199,
1.05773,
1.10025,
0.934574,
0.614229,
0.410713,
0.824147,
1.45272,
2.06155,
2.54308,
2.82675,
2.88228,
2.71637,
2.36023,
1.86004,
1.28127,
0.753616,
0.627463,
0.947703,
1.25956,
1.40245,
1.34727,
1.12126,
0.822556,
0.737336,
1.10341,
1.65598,
2.17488,
2.54581,
2.70898,
2.64995,
2.38861,
1.96797,
1.45653,
0.989485,
0.856936,
1.14185,
1.49841,
1.72723,
1.76695,
1.61948,
1.33187,
1.02119,
0.944338,
1.2577,
1.7322,
2.15349,
2.41128,
2.4598,
2.29984,
1.96562,
1.5236,
1.10858,
0.992548,
1.28405,
1.69366,
2.00758,
2.14041,
2.07364,
1.83025,
1.46941,
1.11535,
1.01207,
1.28066,
1.68352,
2.00841,
2.15703,
2.10049,
1.8564,
1.48251,
1.10786,
1.00669,
1.32454,
1.79632,
2.19887,
2.42921,
2.45151,
2.27307,
1.93019,
1.4881,
1.0748,
0.941748,
1.18684,
1.53005,
1.76341,
1.80863,
1.65692,
1.34896,
0.998643,
0.893094,
1.24239,
1.78004,
2.27229,
2.60449,
2.72539,
2.62868,
2.33824,
1.89759,
1.37343,
0.895829,
0.753183,
1.01373,
1.31067,
1.45608,
1.40097,
1.16011,
0.816073,
0.660548,
1.03646,
1.63748,
2.21389,
2.64759,
2.87416,
2.87312,
2.65785,
2.26212,
1.73239,
1.13266,
0.589231,
0.505249,
0.840592,
1.09434,
1.14807,
0.988157,
0.65025,
0.340449,
0.724566,
1.38065,
2.02563,
2.55165,
2.88492,
2.98945,
2.86622,
2.54144,
2.05456,
1.45353,
0.79729,
0.177062,
0.42497,
0.812422,
0.992684,
0.944397,
0.678016,
0.224837,
0.371815,
1.04775,
1.72763,
2.3235,
2.75459,
2.96805,
2.94871,
2.7128,
2.29514,
1.74095,
1.10693,
0.482906,
0.328245,
0.737613,
1.02106,
1.09434,
0.954816,
0.645423,
0.382607,
0.74009,
1.36542,
1.98627,
2.49181,
2.80764,
2.89757,
2.76286,
2.43115,
1.94634,
1.36969,
0.812381,
0.587777,
0.874024,
1.20308,
1.37376,
1.34583,
1.13911,
0.838684,
0.7068,
1.03518,
1.5853,
2.11956,
2.51726,
2.71284,
2.68571,
2.45094,
2.048,
1.54009,
1.04549,
0.831922,
1.06892,
1.43062,
1.68307,
1.75077,
1.62803,
1.35557,
1.03937,
0.923716,
1.20556,
1.67938,
2.11843,
2.40408,
2.48361,
2.35177,
2.03796,
1.60249,
1.16398,
0.974731,
1.21208,
1.61801,
1.95145,
2.11226,
2.07368,
1.8532,
1.50501,
1.14372,
1.00344,
1.24278,
1.64721,
1.99187,
2.16846,
2.14057,
1.91973,
1.55681,
1.16465,
0.994301,
1.25276,
1.71437,
2.13255,
2.39019,
2.4429,
2.29209,
1.97021,
1.53869,
1.11626,
0.943062,
1.15923,
1.50724,
1.76251,
1.83542,
1.70953,
1.41814,
1.0592,
0.887152,
1.17038,
1.693,
2.1972,
2.55523,
2.70768,
2.64181,
2.37729,
1.95527,
1.4396,
0.95035,
0.757869,
0.989948,
1.29722,
1.46736,
1.43987,
1.2219,
0.882621,
0.665367,
0.963582,
1.54665,
2.13169,
2.58883,
2.84683,
2.87866,
2.69275,
2.32019,
1.80617,
1.21294,
0.655551,
0.495548,
0.811935,
1.08539,
1.16744,
1.03577,
0.719204,
0.373018,
0.648254,
1.28748,
1.93856,
2.48475,
2.84782,
2.98592,
2.89445,
2.59603,
2.12858,
1.53947,
0.887071,
0.25684,
0.367702,
0.774831,
0.984079,
0.966009,
0.726865,
0.295095,
0.285204,
0.954965,
1.639,
2.25085,
2.70842,
2.95446,
2.96809,
2.76097,
2.36543,
1.82547,
1.19601,
0.556463,
0.267675,
0.673605,
0.983735,
1.08641,
0.972949,
0.677816,
0.370557,
0.661718,
1.2814,
1.91186,
2.43861,
2.78401,
2.90656,
2.8022,
2.49493,
2.02634,
1.45445,
0.877213,
0.565883,
0.805625,
1.14795,
1.34444,
1.34292,
1.1561,
0.857728,
0.684691,
0.971441,
1.51623,
2.0632,
2.48501,
2.71088,
2.71447,
2.50602,
2.12154,
1.61988,
1.10634,
0.822377,
1.00393,
1.36586,
1.63927,
1.73338,
1.63483,
1.37822,
1.05956,
0.908698,
1.15646,
1.62662,
2.08075,
2.3919,
2.50083,
2.39649,
2.10356,
1.6771,
1.2229,
0.970868,
1.14937,
1.54663,
1.89645,
2.08309,
2.07148,
1.87356,
1.5387,
1.17289,
0.998885,
1.20674,
1.60967,
1.97149,
2.17403,
2.17369,
1.97609,
1.62602,
1.22338,
0.994962,
1.19092,
1.63752,
2.06799,
2.35036,
2.43175,
2.30766,
2.00661,
1.58636,
1.15751,
0.947872,
1.13259,
1.48218,
1.75689,
1.85584,
1.75513,
1.48131,
1.11959,
0.893861,
1.10869,
1.61158,
2.12438,
2.50539,
2.68724,
2.65091,
2.41178,
2.00837,
1.50192,
1.00408,
0.766846,
0.966625,
1.2808,
1.4734,
1.47219,
1.27694,
0.945996,
0.683109,
0.901332,
1.46162,
2.05217,
2.52983,
2.81678,
2.87985,
2.72248,
2.37283,
1.87468,
1.28862,
0.720994,
0.493604,
0.78326,
1.07317,
1.18157,
1.07697,
0.781795,
0.417638,
0.582812,
1.19987,
1.85444,
2.41803,
2.80826,
2.97796,
2.91714,
2.64469,
2.19673,
1.61995,
0.972133,
0.334963,
0.314794,
0.736547,
0.972622,
0.983419,
0.770899,
0.36109,
0.205186,
0.86701,
1.55344,
2.17885,
2.66027,
2.93666,
2.98184,
2.80292,
2.42953,
1.90435,
1.28093,
0.63229,
0.225753,
0.611153,
0.945835,
1.07658,
0.988886,
0.710235,
0.372971,
0.589018,
1.2006,
1.8386,
2.38408,
2.75666,
2.91012,
2.83526,
2.55231,
2.10057,
1.53537,
0.945107,
0.561071,
0.742723,
1.09422,
1.31463,
1.33864,
1.17209,
0.878811,
0.670552,
0.912282,
1.44897,
2.00628,
2.4498,
2.70398,
2.73709,
2.55461,
2.18912,
1.69574,
1.16969,
0.82639,
0.946927,
1.30416,
1.59598,
1.71499,
1.64005,
1.39983,
1.0813,
0.899012,
1.11062,
1.5743,
2.04106,
2.37552,
2.51232,
2.43478,
2.16301,
1.74738,
1.28339,
0.978778,
1.09572,
1.47947,
1.84273,
2.05321,
2.06737,
1.89164,
1.57068,
1.20265,
0.998217,
1.17283,
1.57139,
1.94796,
2.17456,
2.20066,
2.02616,
1.6903,
1.28244,
1.00632,
1.13863,
1.56566,
2.00531,
2.31004,
2.41849,
2.32026,
2.03984,
1.63145,
1.19847,
0.956006,
1.1073,
1.45542,
1.74729,
1.8707,
1.79447,
1.53886,
1.17861,
0.910545,
1.0569,
1.53557,
2.05392,
2.45534,
2.66459,
2.65659,
2.44227,
2.05746,
1.56083,
1.05691,
0.779795,
0.944167,
1.26198,
1.47494,
1.49869,
1.32587,
1.00571,
0.710202,
0.849433,
1.38212,
1.97536,
2.47094,
2.7846,
2.87733,
2.74769,
2.4207,
1.93855,
1.36026,
0.785192,
0.499085,
0.754958,
1.05817,
1.19109,
1.11244,
0.838574,
0.467835,
0.528687,
1.11755,
1.77325,
2.35181,
2.76681,
2.96625,
2.935,
2.6881,
2.25966,
1.69556,
1.05297,
0.410719,
0.267765,
0.697741,
0.958608,
0.996974,
0.810411,
0.422475,
0.13268,
0.783546,
1.47085,
2.10775,
2.61066,
2.91533,
2.99071,
2.83937,
2.48808,
1.97812,
1.36186,
0.708179,
0.209817,
0.550231,
0.907436,
1.06495,
1.00261,
0.741917,
0.387056,
0.522092,
1.12289,
1.76664,
2.32865,
2.72626,
2.90899,
2.86274,
2.60394,
2.16952,
1.6125,
1.01416,
0.571491,
0.685616,
1.04191,
1.2844,
1.33304,
1.18695,
0.901221,
0.663751,
0.857802,
1.38361,
1.94914,
2.4122,
2.69285,
2.75429,
2.59739,
2.25126,
1.76771,
1.23396,
0.841789,
0.89796,
1.24549,
1.55328,
1.69574,
1.64382,
1.4204,
1.10421,
0.894315,
1.06819,
1.5227,
1.99984,
2.35562,
2.5188,
2.46734,
2.21687,
1.81343,
1.34416,
0.996304,
1.05087,
1.41645,
1.79036,
2.02279,
2.06163,
1.9077,
1.60108,
1.23282,
1.00122,
1.14129,
1.53275,
1.92185,
2.17075,
2.22219,
2.07054,
1.74988,
1.34078,
1.02617,
1.09549,
1.49862,
1.94458,
2.26949,
2.40346,
2.33027,
2.07027,
1.67423,
1.23907,
0.967262,
1.08366,
1.42742,
1.73431,
1.88069,
1.82822,
1.59121,
1.23556,
0.934797,
1.01453,
1.46476,
1.98584,
2.40533,
2.64015,
2.65929,
2.46925,
2.103,
1.61674,
1.10879,
0.796378,
0.922933,
1.24124,
1.47255,
1.52005,
1.3693,
1.06161,
0.743636,
0.80757,
1.30792,
1.90125,
2.41241,
2.75071,
2.87164,
2.76892,
2.46434,
1.99831,
1.42832,
0.848008,
0.5114,
0.727396,
1.04082,
1.19653,
1.1428,
0.89007,
0.519818,
0.486399,
1.04025,
1.6949,
2.28629,
2.7239,
2.95136,
2.94863,
2.72685,
2.31795,
1.76683,
1.13004,
0.484081,
0.229142,
0.658568,
0.942296,
1.007,
0.84572,
0.479392,
0.0736273,
0.704246,
1.39109,
2.03768,
2.55999,
2.89104,
2.99529,
2.8709,
2.54165,
2.04726,
1.43905,
0.783048,
0.222313,
0.490831,
0.868589,
1.05163,
1.01416,
0.772378,
0.409625,
0.46122,
1.04814,
1.69604,
2.27267,
2.69333,
2.90377,
2.88527,
2.65041,
2.23366,
1.68596,
1.08319,
0.594527,
0.634713,
0.99102,
1.2538,
1.32619,
1.20064,
0.924398,
0.663514,
0.808109,
1.32024,
1.89204,
2.37269,
2.67807,
2.76672,
2.63495,
2.30843,
1.8359,
1.29816,
0.866392,
0.857068,
1.18981,
1.5112,
1.67575,
1.64625,
1.43991,
